x <- 1:100
y <- 2*x