x <- 1:100
y <- 2*x

x * 10
y * 10

xx <- 10
xx / 3